6492
4352
30295
3136
5834
7757
14532
25288
230
1762
19573
19558
6522
10400
2006
9836
567
8515
19587
9265
874
9989
7582
3048
9519
658
27325
32585
12883
1725
22584
24894
18507
24673
30060
9747
24219
134
9994
11861
23623
16201
23830
12918
15317
3102
8740
24230
26412
32170
22575
9640
29139
18988
981
17616
272
30124
4609
23115
18403
27038
18605
14263
12157
5262
13633
17791
14307
18577
16173
24768
24759
30795
28718
5071
32703
30908
7100
17111
31546
11712
18573
5747
9688
14991
4569
15748
18960
25837
18485
18571
13757
20985
11961
2121
31148
13384
30874
20463
